../../../.git/annex/objects/6g/3v/MD5E-s9691875--ad553cb288291126c61b24d6840cd7ed.tsv/MD5E-s9691875--ad553cb288291126c61b24d6840cd7ed.tsv