../../../.git/annex/objects/Vx/gP/MD5E-s6357943--d8b1d13b98c07d784b7df8406a68632e.tsv/MD5E-s6357943--d8b1d13b98c07d784b7df8406a68632e.tsv