../../../.git/annex/objects/4Q/K2/MD5E-s9691657--29f74f9b2be1326f61318fa5c90f7073.tsv/MD5E-s9691657--29f74f9b2be1326f61318fa5c90f7073.tsv